01010101010101010101010101010101010101010101010101010101010101010101010101010101010101010101010101010101010101010101010101010000
01010101010101010101010101010101010101010101010101010101010101010101010101010101010101010101010101010101010101010101010101010101
01010101010101010101010101010101010101010101010101010501010101010101010101010101010101010101010101010101010101010101010101010101
01010101010101010101010101010101010101010101010101010101010101010101010101010101010101010101010101010101010101010101010101010101
01010101010101010101010101010101010101010101010101010101010101010101010101010101010101010101010101010101010101010101010101010101
01010101010101010101010101010101010101010101010101010101010101010101010101010101010101010101010101010101010101010101010101010102
01010101010101010101010101010101010101010101010101010101010101010101010101010101010101010101010101010101010101010101010101010101
01010101010101010101010101010101010101010101010101010101010101010101010101010101010101010101010101010101010101010101010101010101
01010101010101010101010101010101010101010101010101010101010101010101010101010101010101010101010101010101010101010101010101010101
01010101010101010101010101010101010101010101010101010101010101010101010101010101010101010101010101010101010101010101010101010101
