0708090404070308
0504030302010007
0306020202000805
0709080000060302
0105010400000600
0400070009030801
0208000309030407
0909060407090501
0608020300010004
0000010808060106
0003050001000005
0101050601070500
0109040407080408
0007030707050901
0103010609040205
0400040806030002
0503060906070600
0705020106090909
0701060507070508
0106050209090107
0300000302080801
0307050009080109
0505080106060000
0203010503050806
0107000508020705
0600000507080906
0204050804020008
0101060005030605
0305070404040107
0801030601070401
0701000408060107
0903000302040009
0401090304030100
0106040400040905
0008040801050207
0606080705080406
0206070404030008
0806070300080506
0902050103060602
0005080609080809
0806060505060807
0204010500090205
0901050501000502
0608020406090501
0309040802000609
0405020401070909
0208010509030304
0007080207020405
0507090601000505
0109050106040706
0205040907050003
0302010602010701
0803040605010807
0900040001020002
0304020105070506
0506000508040606
0103040001070003
0809040804060201
0503020502090406
0704080203090204
0601040509090201
0300040107010201
0901080200010304
0601000902060601
