0608070305000505
0709000303030805
0503040607050802
0607080609020703
0602070403000001
0602090201070205
0509020104050100
0500080906060106
0808020802030400
0906010508010207
0207060208070203
0406030508050406
0804090404070809
0900090106080702
0303090709020004
0600000706020506
0502070502030606
0100070401000900
0302090007070403
0509040001080605
0602040008080908
0604000301030709
0301030808080308
0500030901070708
0402050308030807
0603010206010500
0000060200000206
0104010107040104
0900010904020105
0606020801010600
0902090801030301
0405010500070404
0008040106070006
0708080001000503
0506080906010009
0806040100010802
0909070306010809
0005000503060102
0203060005080404
0307020404020902
0203000302080201
0704040709020308
0300020903000809
0005020501010700
0600010708000206
0102030404030901
0509090100070006
0307050001090904
0001050009030808
0400030009050409
0100040506070302
0103030808060600
0907050203020804
0100080404030308
0406040307000407
0008040306030203
0804000807060006
0109050608060202
0401080908000009
0407070400090205
0807020302000807
0608010905000105
0507060300070407
0305080403070806
